############################ SCENARIO 3: SPACE COLONY ####################################

# NEGOTIATIONS PARAMETERS (defined by the user):
buyerValue = [0.99,-0.01]
buyerStrategy = [0,0.008]
sellerValue = [-0.6,0.4]
sellerStrategy = [1,-0.004]
negTimerMax = 1000
worth = 100000

# RESOURCE TRANSFER COSTS (defined by the user):
storage1Costs = {"UNIT-2" : 1, "UNIT-3" : 2, "UNIT-4" : 3}
storage2Costs = {"UNIT-1" : 1, "UNIT-3" : 1, "UNIT-4" : 2}
storage3Costs = {"UNIT-1" : 2, "UNIT-2" : 1, "UNIT-4" : 1}
storage4Costs = {"UNIT-1" : 3, "UNIT-2" : 2, "UNIT-3" : 1}

# ------------------- UNIT 1

# storage parameters: name, crl, maxCapacity, lower threshold, upper threshold, transfer costs, acceptable transfer cost value
# producer/consumer parameters: name, priority, capacity, workStart, workStop, belongsTo, eFactor)

storage1 = StorageAgent("UNIT-1", 2000, 5000, 800, 4000, storage1Costs, 20, 1, buyerValue, buyerStrategy, sellerValue, sellerStrategy, negTimerMax, worth)

P1 = [1245,1185,1275,1260,1140,1140,1125,1245,1140,1140,1275,1200,1260,1275,1125,1140,1185,1155,1125,1275,1215,1230,1230,1185,1200,1215,1230,1230,1155,1275,1140,1185,1215,1260,1215,1185,1170,1200,1230,1140,1185,1200,1275,1200,1275,1230,1260,1140,1170,1260,1260,1185]
P1_WRS = agent ("Producer-WRS-U1", 1, P1, 1, 30, storages[0], 1)

P2 = [257,238,154,293,195,212,271,210,213,182,235,278,184,280,345,276,310,323,238,171,170,374,171,251,270,190,355,330,279,234,206,316,240,266,224,278,214,173,207,267,156,189,302,245,303,169,160,237,370,337,330,260]
P2_ISRU = agent ("Producer-ISRU-U1", 1, P2, 1, 30, storages[0], 1)

C1 = [-1500,-1500,-1500,-1500,-1500,-1500,-1500,-1500,-1500,-1500,-1500,-1500,-1500,-1500,-1500,-1500,-1500,-1500,-1500,-1500,-1500,-1500,-1500,-1500,-1500,-1500,-1500,-1500,-1500,-1500,-1500,-1500,-1500,-1500,-1500,-1500,-1500,-1500,-1500,-1500,-1500,-1500,-1500,-1500,-1500,-1500,-1500,-1500,-1500,-1500,-1500,-1500]
C1_HUMAN = agent ("Consumer-HUMAN-U1", 1, C1, 1, 30, storages[0], 0.56)


# ------------------- UNIT 2

# storage parameters: name, crl, maxCapacity, lower threshold, upper threshold
storage2 = StorageAgent("UNIT-2", 2000, 5000, 800, 4000, storage2Costs, 20, 2, buyerValue, buyerStrategy, sellerValue, sellerStrategy, negTimerMax, worth)

P3 = [1215,1155,1245,1260,1275,1140,1155,1155,1125,1260,1155,1215,1260,1245,1140,1200,1155,1215,1170,1170,1230,1140,1260,1260,1230,1170,1140,1170,1155,1215,1230,1170,1200,1275,1230,1215,1170,1125,1200,1140,1155,1200,1155,1140,1125,1185,1185,1275,1275,1125,1245,1125]
P3_WRS = agent ("Producer-WRS-U2", 1, P3, 1, 30, storages[1], 1)

P4 = [156,268,355,323,360,237,273,337,357,357,235,377,357,185,327,237,193,151,220,366,380,320,276,353,166,156,231,188,272,224,222,291,230,156,156,335,276,178,191,321,285,229,301,241,266,202,312,355,237,320,356,158]
P4_ISRU = agent ("Producer-ISRU-U2", 1, P4, 1, 30, storages[1], 1)

C2 = [-1500,-1500,-1500,-1500,-1500,-1500,-1500,-1500,-1500,-1500,-1500,-1500,-1500,-1500,-1500,-1500,-1500,-1500,-1500,-1500,-1500,-1500,-1500,-1500,-1500,-1500,-1500,-1500,-1500,-1500,-1500,-1500,-1500,-1500,-1500,-1500,-1500,-1500,-1500,-1500,-1500,-1500,-1500,-1500,-1500,-1500,-1500,-1500,-1500,-1500,-1500,-1500]
C2_HUMAN = agent ("Consumer-HUMAN-U2", 1, C2, 1, 30, storages[1], 0.56)


# ------------------- UNIT 3

# storage parameters: name, crl, maxCapacity, lower threshold, upper threshold
storage3 = StorageAgent("UNIT-3", 5000, 10000, 1000, 8000, storage3Costs, 20, 3, buyerValue, buyerStrategy, sellerValue, sellerStrategy, negTimerMax, worth)

P5 = [19170,21600,20250,22410,19170,22140,19710,21060,19440,21600,22950,20520,19170,19440,20790,21060,18900,19440,22410,21330,19440,20250,21330,18900,21060,20520,20250,19710,21870,20250,18900,19170,21330,22140,22410,21060,22950,19440,20790,22950,20790,21870,21330,22680,21600,19710,21870,21600,18900,20520,21870,21870]
P5_WRS = agent ("Producer-WRS-U3", 1, P5, 1, 30, storages[2], 1)

P6 = [6899,6483,5725,5959,6455,5399,5633,5243,5445,6963,5523,5003,5212,5305,6089,5955,6375,6733,5541,6837,5674,6464,6175,6670,6669,5409,6161,5212,6567,5203,6471,6806,6186,5411,5322,5088,5228,5287,6479,6046,6650,5338,6501,5137,6685,6799,6660,5967,5833,5013,5715,5294]
P6_ISRU = agent ("Producer-ISRU-U3", 1, P6, 1, 30, storages[2], 1)

C3 = [-27000,-27000,-27000,-27000,-27000,-27000,-27000,-27000,-27000,-27000,-27000,-27000,-27000,-27000,-27000,-27000,-27000,-27000,-27000,-27000,-27000,-27000,-27000,-27000,-27000,-27000,-27000,-27000,-27000,-27000,-27000,-27000,-27000,-27000,-27000,-27000,-27000,-27000,-27000,-27000,-27000,-27000,-27000,-27000,-27000,-27000,-27000,-27000,-27000,-27000,-27000,-27000]
C3_CROPS = agent ("Consumer-CROPS-U3", 1, C3, 1, 30, storages[2], 0.56)


# ------------------- UNIT 4

# storage parameters: name, crl, maxCapacity, lower threshold, upper threshold
storage4 = StorageAgent("UNIT-4", 5000, 10000, 1000, 8000, storage4Costs, 20, 4, buyerValue, buyerStrategy, sellerValue, sellerStrategy, negTimerMax, worth)

P7 = [21330,21600,22140,20250,20790,19980,22140,19710,21870,20790,20790,19440,19980,19980,22410,21600,21060,21060,19440,21600,19980,21600,21060,19440,22410,19440,21330,21330,21330,22680,21330,22140,18900,21060,21060,21060,22410,21330,20520,19440,22410,22410,22410,22410,18900,20790,21600,21330,21600,21060,22140,18900]
P7_WRS = agent ("Producer-WRS-U4", 1, P7, 1, 30, storages[3], 1)

P8 = [6417,6236,5746,5905,6413,5446,5357,5090,5745,6577,5386,6241,6545,6572,5252,5925,5157,6144,6202,5264,5101,5438,6182,6491,6481,5289,6585,5870,6743,6619,6345,6210,6330,5329,6257,5748,5470,6204,6916,6151,6317,6865,6169,5452,6080,6897,5004,6802,5707,6775,5612,5678]
P8_ISRU = agent ("Producer-ISRU-U4", 1, P8, 1, 30, storages[3], 1)

C4 = [-27000,-27000,-27000,-27000,-27000,-27000,-27000,-27000,-27000,-27000,-27000,-27000,-27000,-27000,-27000,-27000,-27000,-27000,-27000,-27000,-27000,-27000,-27000,-27000,-27000,-27000,-27000,-27000,-27000,-27000,-27000,-27000,-27000,-27000,-27000,-27000,-27000,-27000,-27000,-27000,-27000,-27000,-27000,-27000,-27000,-27000,-27000,-27000,-27000,-27000,-27000,-27000]
C4_CROPS = agent ("Consumer-CROPS-U4", 1, C4, 1, 30, storages[3], 0.56)
